0000000000000000000000000000000000000000000000000000000000000a47
0.002105
00000000000000000000000000000000000000000000000000000000000010dd
0.004365
0000000000000000000000000000000000000000000000000000000000000140
0.000567
0000000000000000000000000000000000000000000000000000000000003637
0.010583
00000000000000000000000000000000000000000000000000000000000014e2
0.004475
000000000000000000000000000000000000000000000000000000000000697c
0.016286
0000000000000000000000000000000000000000000000000000000000000066
0.000363
000000000000000000000000000000000000000000000000000000000000011f
0.00048
000000000000000000000000000000000000000000000000000000000000003e
0.000296
0000000000000000000000000000000000000000000000000000000000000063
0.000278
0000000000000000000000000000000000000000000000000000000000000050
0.000316
0000000000000000000000000000000000000000000000000000000000001075
0.004062
00000000000000000000000000000000000000000000000000000000000000b7
0.000439
000000000000000000000000000000000000000000000000000000000000002f
0.000246
00000000000000000000000000000000000000000000000000000000000000b3
0.000378
0000000000000000000000000000000000000000000000000000000000000036
0.000274
