000000000000000000000000000000000000000000000000000000000000017c
0.00058
00000000000000000000000000000000000000000000000000000000000010c9
0.004499
0000000000000000000000000000000000000000000000000000000000000135
0.000562
00000000000000000000000000000000000000000000000000000000000014ce
0.004178
0000000000000000000000000000000000000000000000000000000000000573
0.001348
0000000000000000000000000000000000000000000000000000000000006975
0.016273
000000000000000000000000000000000000000000000000000000000000001f
0.000314
0000000000000000000000000000000000000000000000000000000000000110
0.00046
0000000000000000000000000000000000000000000000000000000000000036
0.000289
0000000000000000000000000000000000000000000000000000000000000029
0.000237
0000000000000000000000000000000000000000000000000000000000000042
0.000306
000000000000000000000000000000000000000000000000000000000000106e
0.0041
0000000000000000000000000000000000000000000000000000000000000031
0.000324
0000000000000000000000000000000000000000000000000000000000000024
0.001595
000000000000000000000000000000000000000000000000000000000000008b
0.000356
000000000000000000000000000000000000000000000000000000000000001a
0.000254
