0000000000000000000000000000000000000000000000000000000000000032
0.000434
00000000000000000000000000000000000000000000000000000000000000cb
0.000476
0000000000000000000000000000000000000000000000000000000000000030
0.000244
00000000000000000000000000000000000000000000000000000000000000fe
0.000456
0000000000000000000000000000000000000000000000000000000000000436
0.000949
00000000000000000000000000000000000000000000000000000000000000c3
0.000425
000000000000000000000000000000000000000000000000000000000000003f
0.000366
0000000000000000000000000000000000000000000000000000000000000049
0.000299
0000000000000000000000000000000000000000000000000000000000000022
0.000325
0000000000000000000000000000000000000000000000000000000000000053
0.00031
00000000000000000000000000000000000000000000000000000000000000e2
0.000429
00000000000000000000000000000000000000000000000000000000000000e3
0.000442
0000000000000000000000000000000000000000000000000000000000000050
0.000379
0000000000000000000000000000000000000000000000000000000000000046
0.003365
00000000000000000000000000000000000000000000000000000000000000a7
0.000404
0000000000000000000000000000000000000000000000000000000000000028
0.000295
