0000000000000000000000000000000000000000000000000000000000000721
0.001134
0000000000000000000000000000000000000000000000000000000000001183
0.003405
0000000000000000000000000000000000000000000000000000000000000040
0.000312
000000000000000000000000000000000000000000000000000000000000143a
0.002909
00000000000000000000000000000000000000000000000000000000000026b0
0.003966
0000000000000000000000000000000000000000000000000000000000000663
0.000879
0000000000000000000000000000000000000000000000000000000000000060
0.000397
0000000000000000000000000000000000000000000000000000000000000063
0.000324
0000000000000000000000000000000000000000000000000000000000000158
0.00049
0000000000000000000000000000000000000000000000000000000000000088
0.000326
0000000000000000000000000000000000000000000000000000000000000062
0.00035
000000000000000000000000000000000000000000000000000000000000076e
0.001554
000000000000000000000000000000000000000000000000000000000000133e
0.002684
0000000000000000000000000000000000000000000000000000000000000061
0.000352
00000000000000000000000000000000000000000000000000000000000001a6
0.000496
0000000000000000000000000000000000000000000000000000000000000189
0.000499
