0000000000000000000000000000000000000000000000000000000000007db4
0.011983
0000000000000000000000000000000000000000000000000000000000002277
0.005249
0000000000000000000000000000000000000000000000000000000000000978
0.001232
0000000000000000000000000000000000000000000000000000000000057211
0.155251
000000000000000000000000000000000000000000000000000000000006b499
0.202693
0000000000000000000000000000000000000000000000000000000000001635
0.002273
0000000000000000000000000000000000000000000000000000000000003015
0.004652
0000000000000000000000000000000000000000000000000000000000001348
0.002114
0000000000000000000000000000000000000000000000000000000000033ed8
0.089474
000000000000000000000000000000000000000000000000000000000000396d
0.005815
000000000000000000000000000000000000000000000000000000000000097d
0.001315
000000000000000000000000000000000000000000000000000000000000121f
0.002451
000000000000000000000000000000000000000000000000000000000000ab74
0.01922
0000000000000000000000000000000000000000000000000000000000000cc8
0.00149
00000000000000000000000000000000000000000000000000000000000042dd
0.007003
0000000000000000000000000000000000000000000000000000000000003359
0.007229
