00000000000000000000000000000000000000000000000000000000000002d9
0.000693
0000000000000000000000000000000000000000000000000000000000001152
0.003382
000000000000000000000000000000000000000000000000000000000000002c
0.000328
0000000000000000000000000000000000000000000000000000000000001172
0.002577
00000000000000000000000000000000000000000000000000000000000005f8
0.000954
0000000000000000000000000000000000000000000000000000000000000414
0.000692
0000000000000000000000000000000000000000000000000000000000000020
0.000361
0000000000000000000000000000000000000000000000000000000000000044
0.000294
0000000000000000000000000000000000000000000000000000000000000097
0.000373
000000000000000000000000000000000000000000000000000000000000002a
0.00029
000000000000000000000000000000000000000000000000000000000000003d
0.000351
0000000000000000000000000000000000000000000000000000000000000755
0.001525
0000000000000000000000000000000000000000000000000000000000000402
0.000872
0000000000000000000000000000000000000000000000000000000000000047
0.003183
0000000000000000000000000000000000000000000000000000000000000126
0.000454
0000000000000000000000000000000000000000000000000000000000000083
0.000342
