0000000000000000000000000000000000000000000000000000000000000721
0.000898
0000000000000000000000000000000000000000000000000000000000001183
0.001515
0000000000000000000000000000000000000000000000000000000000000040
0.000256
000000000000000000000000000000000000000000000000000000000000143a
0.002466
00000000000000000000000000000000000000000000000000000000000026b0
0.002398
0000000000000000000000000000000000000000000000000000000000000663
0.000598
0000000000000000000000000000000000000000000000000000000000000060
0.000345
0000000000000000000000000000000000000000000000000000000000000063
0.000281
0000000000000000000000000000000000000000000000000000000000000158
0.000385
0000000000000000000000000000000000000000000000000000000000000088
0.000303
0000000000000000000000000000000000000000000000000000000000000062
0.000278
000000000000000000000000000000000000000000000000000000000000076e
0.000762
000000000000000000000000000000000000000000000000000000000000133e
0.002219
0000000000000000000000000000000000000000000000000000000000000061
0.000297
00000000000000000000000000000000000000000000000000000000000001a6
0.00045
0000000000000000000000000000000000000000000000000000000000000189
0.000425
