0000000000000000000000000000000000000000000000000000000000000032
0.000367
00000000000000000000000000000000000000000000000000000000000000cb
0.000353
0000000000000000000000000000000000000000000000000000000000000030
0.000262
00000000000000000000000000000000000000000000000000000000000000fe
0.000414
0000000000000000000000000000000000000000000000000000000000000436
0.000735
00000000000000000000000000000000000000000000000000000000000000c3
0.000343
000000000000000000000000000000000000000000000000000000000000003f
0.000328
0000000000000000000000000000000000000000000000000000000000000049
0.000275
0000000000000000000000000000000000000000000000000000000000000022
0.000346
0000000000000000000000000000000000000000000000000000000000000053
0.000283
00000000000000000000000000000000000000000000000000000000000000e2
0.000349
00000000000000000000000000000000000000000000000000000000000000e3
0.000372
0000000000000000000000000000000000000000000000000000000000000050
0.000329
0000000000000000000000000000000000000000000000000000000000000046
0.001505
00000000000000000000000000000000000000000000000000000000000000a7
0.000366
0000000000000000000000000000000000000000000000000000000000000028
0.000253
