0000000000000000000000000000000000000000000000000000000000007db4
0.007419
0000000000000000000000000000000000000000000000000000000000002277
0.002561
0000000000000000000000000000000000000000000000000000000000000978
0.000826
0000000000000000000000000000000000000000000000000000000000057211
0.183163
000000000000000000000000000000000000000000000000000000000006b499
0.142479
0000000000000000000000000000000000000000000000000000000000001635
0.001321
0000000000000000000000000000000000000000000000000000000000003015
0.00311
0000000000000000000000000000000000000000000000000000000000001348
0.001469
0000000000000000000000000000000000000000000000000000000000033ed8
0.056441
000000000000000000000000000000000000000000000000000000000000396d
0.004111
000000000000000000000000000000000000000000000000000000000000097d
0.000921
000000000000000000000000000000000000000000000000000000000000121f
0.001338
000000000000000000000000000000000000000000000000000000000000ab74
0.029839
0000000000000000000000000000000000000000000000000000000000000cc8
0.001095
00000000000000000000000000000000000000000000000000000000000042dd
0.005476
0000000000000000000000000000000000000000000000000000000000003359
0.005116
