00000000000000000000000000000000000000000000000000000000000002d9
0.000562
0000000000000000000000000000000000000000000000000000000000001152
0.001549
000000000000000000000000000000000000000000000000000000000000002c
0.00029
0000000000000000000000000000000000000000000000000000000000001172
0.002256
00000000000000000000000000000000000000000000000000000000000005f8
0.000691
0000000000000000000000000000000000000000000000000000000000000414
0.000479
0000000000000000000000000000000000000000000000000000000000000020
0.000316
0000000000000000000000000000000000000000000000000000000000000044
0.001499
0000000000000000000000000000000000000000000000000000000000000097
0.000329
000000000000000000000000000000000000000000000000000000000000002a
0.000255
000000000000000000000000000000000000000000000000000000000000003d
0.000266
0000000000000000000000000000000000000000000000000000000000000755
0.000751
0000000000000000000000000000000000000000000000000000000000000402
0.000766
0000000000000000000000000000000000000000000000000000000000000047
0.000299
0000000000000000000000000000000000000000000000000000000000000126
0.000377
0000000000000000000000000000000000000000000000000000000000000083
0.000296
