000000000000000000000000000000000000000000000000000000000000017c
0.000566
00000000000000000000000000000000000000000000000000000000000010c9
0.002699
0000000000000000000000000000000000000000000000000000000000000135
0.000382
00000000000000000000000000000000000000000000000000000000000014ce
0.003098
0000000000000000000000000000000000000000000000000000000000000573
0.001114
0000000000000000000000000000000000000000000000000000000000006975
0.009616
000000000000000000000000000000000000000000000000000000000000001f
0.000311
0000000000000000000000000000000000000000000000000000000000000110
0.000304
0000000000000000000000000000000000000000000000000000000000000036
0.000216
0000000000000000000000000000000000000000000000000000000000000029
0.000218
0000000000000000000000000000000000000000000000000000000000000042
0.000206
000000000000000000000000000000000000000000000000000000000000106e
0.002219
0000000000000000000000000000000000000000000000000000000000000031
0.000239
0000000000000000000000000000000000000000000000000000000000000024
0.001443
000000000000000000000000000000000000000000000000000000000000008b
0.00029
000000000000000000000000000000000000000000000000000000000000001a
0.000188
