0000000000000000000000000000000000000000000000000000000000000a47
0.001496
00000000000000000000000000000000000000000000000000000000000010dd
0.002697
0000000000000000000000000000000000000000000000000000000000000140
0.000419
0000000000000000000000000000000000000000000000000000000000003637
0.008281
00000000000000000000000000000000000000000000000000000000000014e2
0.003532
000000000000000000000000000000000000000000000000000000000000697c
0.009484
0000000000000000000000000000000000000000000000000000000000000066
0.000589
000000000000000000000000000000000000000000000000000000000000011f
0.000306
000000000000000000000000000000000000000000000000000000000000003e
0.000203
0000000000000000000000000000000000000000000000000000000000000063
0.000214
0000000000000000000000000000000000000000000000000000000000000050
0.000199
0000000000000000000000000000000000000000000000000000000000001075
0.002187
00000000000000000000000000000000000000000000000000000000000000b7
0.000314
000000000000000000000000000000000000000000000000000000000000002f
0.001057
00000000000000000000000000000000000000000000000000000000000000b3
0.000289
0000000000000000000000000000000000000000000000000000000000000036
0.000207
