00000000000000000000000000000000000000000000000000000000000d6200
1.08987
0000000000000000000000000000000000000000000000000000000000013955
0.13889
0000000000000000000000000000000000000000000000000000000000001235
0.002944
000000000000000000000000000000000000000000000000000000000004e28a
0.335039
000000000000000000000000000000000000000000000000000000000009d937
0.804356
000000000000000000000000000000000000000000000000000000000002257d
0.100339
000000000000000000000000000000000000000000000000000000000000fb6e
0.060785
00000000000000000000000000000000000000000000000000000000000040ea
0.019643
000000000000000000000000000000000000000000000000000000000002aedc
0.158974
000000000000000000000000000000000000000000000000000000000000419e
0.009366
0000000000000000000000000000000000000000000000000000000000003513
0.010502
0000000000000000000000000000000000000000000000000000000000035f6f
0.194461
000000000000000000000000000000000000000000000000000000000003194b
0.174242
00000000000000000000000000000000000000000000000000000000000028bb
0.005861
0000000000000000000000000000000000000000000000000000000000017836
0.128046
0000000000000000000000000000000000000000000000000000000000010737
0.074579
