00000000000000000000000000000000000000000000000000000000000d6200
1.06402
0000000000000000000000000000000000000000000000000000000000013955
0.122248
0000000000000000000000000000000000000000000000000000000000001235
0.002885
000000000000000000000000000000000000000000000000000000000004e28a
0.24578
000000000000000000000000000000000000000000000000000000000009d937
0.619455
000000000000000000000000000000000000000000000000000000000002257d
0.087054
000000000000000000000000000000000000000000000000000000000000fb6e
0.053884
00000000000000000000000000000000000000000000000000000000000040ea
0.018377
000000000000000000000000000000000000000000000000000000000002aedc
0.125837
000000000000000000000000000000000000000000000000000000000000419e
0.009106
0000000000000000000000000000000000000000000000000000000000003513
0.00989
0000000000000000000000000000000000000000000000000000000000035f6f
0.171105
000000000000000000000000000000000000000000000000000000000003194b
0.144007
00000000000000000000000000000000000000000000000000000000000028bb
0.005698
0000000000000000000000000000000000000000000000000000000000017836
0.10193
0000000000000000000000000000000000000000000000000000000000010737
0.064641
